##FastQC	0.10.1
>>Basic Statistics	pass
#Measure	Value	
Filename	7_150521_AC6VGLANXX_P1887_101_1.fastq.gz	
File type	Conventional base calls	
Encoding	Sanger / Illumina 1.9	
Total Sequences	246861333	
Filtered Sequences	0	
Sequence length	30-126	
%GC	47	
>>END_MODULE
>>Per base sequence quality	pass
#Base	Mean	Median	Lower Quartile	Upper Quartile	10th Percentile	90th Percentile
1	32.21906391877095	33.0	33.0	33.0	33.0	33.0
2	32.357819606361765	33.0	33.0	33.0	33.0	33.0
3	32.51073640196215	33.0	33.0	33.0	33.0	33.0
4	32.57245306214076	33.0	33.0	33.0	33.0	33.0
5	32.56848320591382	33.0	33.0	33.0	33.0	33.0
6	35.93810003448373	37.0	37.0	37.0	33.0	37.0
7	36.1414714551509	37.0	37.0	37.0	37.0	37.0
8	36.2214757221618	37.0	37.0	37.0	37.0	37.0
9	36.27057138997139	37.0	37.0	37.0	37.0	37.0
10-14	36.3044434366722	37.0	37.0	37.0	37.0	37.0
15-19	36.32952916607641	37.0	37.0	37.0	37.0	37.0
20-24	36.328671410844244	37.0	37.0	37.0	37.0	37.0
25-29	36.32540606835336	37.0	37.0	37.0	37.0	37.0
30-34	36.31974108858911	37.0	37.0	37.0	37.0	37.0
35-39	36.30623654285859	37.0	37.0	37.0	37.0	37.0
40-44	36.28065852716615	37.0	37.0	37.0	37.0	37.0
45-49	36.28304365000995	37.0	37.0	37.0	37.0	37.0
50-54	36.1316636491488	37.0	37.0	37.0	37.0	37.0
55-59	36.18881451497866	37.0	37.0	37.0	37.0	37.0
60-64	36.11433008709346	37.0	37.0	37.0	37.0	37.0
65-69	36.14807848161933	37.0	37.0	37.0	37.0	37.0
70-74	36.119595463033896	37.0	37.0	37.0	37.0	37.0
75-79	36.060096908834225	37.0	37.0	37.0	37.0	37.0
80-84	36.030061533741865	37.0	37.0	37.0	34.6	37.0
85-89	35.95286717670429	37.0	37.0	37.0	33.0	37.0
90-94	35.87850576159557	37.0	37.0	37.0	33.0	37.0
95-99	35.79470816898837	37.0	37.0	37.0	33.0	37.0
100-104	35.70358771107375	37.0	37.0	37.0	33.0	37.0
105-109	35.59302536391975	37.0	37.0	37.0	33.0	37.0
110-114	35.51377134635972	37.0	37.0	37.0	33.0	37.0
115-119	35.381113202450436	37.0	37.0	37.0	33.0	37.0
120-124	35.413154060184596	37.0	37.0	37.0	33.0	37.0
125-126	35.09529834022743	37.0	35.0	37.0	30.0	37.0
>>END_MODULE
>>Per sequence quality scores	pass
#Quality	Count
19	1.0
20	25.0
21	313.0
22	2212.0
23	14271.0
24	60406.0
25	179479.0
26	421576.0
27	825578.0
28	1406897.0
29	2185665.0
30	3197722.0
31	4532292.0
32	6381984.0
33	9255376.0
34	1.47302E7
35	2.9759007E7
36	1.73908329E8
>>END_MODULE
>>Per base sequence content	warn
#Base	G	A	T	C
1	23.20979365367034	28.939054217940242	24.889483603331268	22.961668525058155
2	23.28115035370845	29.052303233108695	29.45031813471862	18.21622827846423
3	20.958864383998122	29.322057496951132	28.112486535102683	21.606591583948063
4	23.100609280109495	27.391397501689745	26.52771384006097	22.98027937813979
5	24.089398399221963	26.585458403888634	26.36117783581765	22.963965361071757
6	23.353127158233402	26.568300593272742	25.90037743983178	24.178194808662077
7	24.205365559465957	26.63017580911045	26.221728346886636	22.94273028453696
8	23.021116294253304	26.0660945396343	27.02980765785858	23.882981508253813
9	23.06065671913437	25.752820358126588	27.247359732823718	23.939163189915323
10-14	23.410163877642237	26.351282110923417	26.601599300630753	23.63695471080359
15-19	23.563271350557475	26.117277513041852	26.56003810357227	23.7594130328284
20-24	23.667873524285675	26.11113003087391	26.38320031574341	23.837796129097008
25-29	23.821599169603616	26.03581630865103	26.256362741143064	23.886221780602295
30-34	23.895328371875213	26.040161789521797	26.106328280837737	23.958181557765254
35-39	23.922002332304903	25.997043490570647	26.14982235818548	23.931131818938965
40-44	23.924225801708456	25.98135256485642	26.109705247990412	23.984716385444717
45-49	23.963628899292388	25.952193455239637	26.116912321163525	23.96726532430445
50-54	24.01310667953166	25.90656425334873	26.06043045849727	24.019898608622338
55-59	23.965410690178597	25.895867306627867	26.10507152201257	24.033650481180967
60-64	24.02673335683692	25.88496722097615	26.056910959049134	24.031388463137795
65-69	23.957592956230947	26.097560757810246	25.986529499999335	23.958316785959475
70-74	23.967767831530526	26.103003052247388	25.968286400443446	23.96094271577864
75-79	24.014141823736736	26.01675164653148	25.964669670669053	24.004436859062732
80-84	24.0176510328867	26.014748589324228	25.972158270680158	23.995442107108918
85-89	24.035360686987122	26.056812485246795	25.938689534995902	23.96913729277018
90-94	24.03161757804777	26.090191231271703	25.915834165481943	23.962357025198585
95-99	24.028393532436695	26.132073340407896	25.912448266453538	23.92708486070187
100-104	24.05870618919998	26.20736451910279	25.831386162927473	23.90254312876976
105-109	24.07362617678459	26.290156964650784	25.76190624822517	23.874310610339457
110-114	24.105458346198624	26.42438047734273	25.65323994905902	23.816921227399625
115-119	24.168903062096643	26.599976458083656	25.492676671985336	23.73844380783436
120-124	24.196971672973998	26.80347894768006	25.289033165440006	23.710516213905937
125-126	23.980837334362224	26.39728257565886	25.84550055368911	23.776379536289806
>>END_MODULE
>>Per base GC content	warn
#Base	%GC
1	46.1714621787285
2	41.497378632172676
3	42.56545596794618
4	46.080888658249286
5	47.05336376029372
6	47.531321966895476
7	47.14809584400292
8	46.904097802507124
9	46.9998199090497
10-14	47.04711858844583
15-19	47.32268438338588
20-24	47.50566965338269
25-29	47.70782095020591
30-34	47.85350992964047
35-39	47.85313415124387
40-44	47.90894218715317
45-49	47.93089422359684
50-54	48.033005288154
55-59	47.999061171359564
60-64	48.058121819974716
65-69	47.91590974219043
70-74	47.92871054730916
75-79	48.018578682799465
80-84	48.01309313999562
85-89	48.0044979797573
90-94	47.99397460324635
95-99	47.95547839313857
100-104	47.96124931796974
105-109	47.94793678712404
110-114	47.92237957359825
115-119	47.907346869931004
120-124	47.907487886879935
125-126	47.75721687065203
>>END_MODULE
>>Per sequence GC content	pass
#GC Content	Count
0	11016.0
1	9686.0
2	7890.0
3	7639.5
4	8122.5
5	8894.0
6	10013.0
7	11858.0
8	14913.0
9	19350.5
10	25233.5
11	32100.5
12	40499.0
13	51622.5
14	65037.0
15	78383.0
16	92095.0
17	110007.5
18	132438.0
19	155683.0
20	181447.0
21	213247.0
22	260989.0
23	344315.0
24	468937.5
25	673721.0
26	787052.5
27	783306.0
28	837294.0
29	955895.0
30	1153246.0
31	1429207.0
32	1790578.0
33	2240446.5
34	2775311.0
35	3379156.0
36	4042809.0
37	4754069.0
38	5493695.5
39	6258618.5
40	7072268.5
41	7909418.0
42	8696731.5
43	9525064.5
44	1.0341347E7
45	1.080958E7
46	1.103256E7
47	1.1218731E7
48	1.128838E7
49	1.12324565E7
50	1.1072149E7
51	1.08237E7
52	1.04690055E7
53	1.00425655E7
54	9568771.5
55	8998040.5
56	8321665.0
57	7572106.0
58	6763168.0
59	5879249.0
60	4959219.5
61	4086249.0
62	3296432.0
63	2610257.0
64	2040594.0
65	1572228.0
66	1188032.0
67	881296.5
68	643997.5
69	462156.5
70	332941.0
71	239305.0
72	170322.0
73	122101.0
74	87181.5
75	61770.0
76	43620.5
77	30960.5
78	22428.0
79	16611.5
80	12870.5
81	10361.5
82	8334.5
83	6757.0
84	5661.0
85	4792.5
86	4031.5
87	3489.5
88	3037.0
89	2597.0
90	2265.5
91	2046.5
92	1775.0
93	1502.5
94	1350.5
95	1201.0
96	955.0
97	752.5
98	609.0
99	426.0
100	344.0
>>END_MODULE
>>Per base N content	pass
#Base	N-Count
1	0.0
2	9.04961491073209E-4
3	0.0
4	0.0
5	0.0
6	0.0
7	0.0018694705824990423
8	0.0036170103642760446
9	0.0033561351627312166
10-14	4.7759605997104457E-4
15-19	2.832359331058137E-4
20-24	4.942045743551097E-5
25-29	5.258822773998389E-4
30-34	9.167367960859207E-5
35-39	0.001913443535426755
40-44	0.0012245351605822622
45-49	9.230307856192048E-4
50-54	0.15981417671343717
55-59	1.9984401336279288E-4
60-64	0.10407286931976382
65-69	0.0010611292011035007
70-74	4.114241801078665E-7
75-79	1.2159567543238526E-4
80-84	8.272374207796084E-8
85-89	0.0
90-94	0.0
95-99	0.0
100-104	0.0
105-109	0.0
110-114	0.0
115-119	0.0
120-124	0.0
125-126	0.0
>>END_MODULE
>>Sequence Length Distribution	warn
#Length	Count
30-31	115497.0
32-33	118165.0
34-35	121756.0
36-37	117639.0
38-39	124428.0
40-41	133170.0
42-43	122462.0
44-45	124382.0
46-47	124662.0
48-49	138730.0
50-51	256264.0
52-53	148623.0
54-55	653594.0
56-57	142719.0
58-59	161726.0
60-61	201128.0
62-63	367793.0
64-65	155598.0
66-67	149432.0
68-69	157245.0
70-71	158903.0
72-73	195310.0
74-75	521474.0
76-77	234200.0
78-79	171354.0
80-81	174355.0
82-83	182067.0
84-85	188256.0
86-87	193811.0
88-89	199626.0
90-91	204220.0
92-93	210910.0
94-95	219034.0
96-97	230195.0
98-99	236428.0
100-101	250524.0
102-103	270234.0
104-105	291214.0
106-107	312727.0
108-109	341937.0
110-111	386525.0
112-113	458586.0
114-115	553922.0
116-117	708660.0
118-119	1020929.0
120-121	1714745.0
122-123	4033889.0
124-125	3.2741621E7
126-127	1.96820664E8
>>END_MODULE
>>Sequence Duplication Levels	warn
#Total Duplicate Percentage	31.27605717689101
#Duplication Level	Relative count
1	100.0
2	14.072148196295093
3	4.034232477521395
4	2.2417217347344094
5	1.5686274509803921
6	1.1721373632325858
7	1.0739175965045318
8	0.9171992922399163
9	0.8363124255226952
10++	18.524536886577835
>>END_MODULE
>>Overrepresented sequences	pass
>>END_MODULE
>>Kmer Content	warn
#Sequence	Count	Obs/Exp Overall	Obs/Exp Max	Max Obs/Exp Position
GATCG	39254545	1.4285202	5.3533554	120-122
ATCGG	38717930	1.4089919	5.0134473	120-122
>>END_MODULE
