##FastQC	0.10.1
>>Basic Statistics	pass
#Measure	Value	
Filename	7_150521_AC6VGLANXX_P1887_101_2.fastq.gz	
File type	Conventional base calls	
Encoding	Sanger / Illumina 1.9	
Total Sequences	246861333	
Filtered Sequences	0	
Sequence length	30-126	
%GC	47	
>>END_MODULE
>>Per base sequence quality	pass
#Base	Mean	Median	Lower Quartile	Upper Quartile	10th Percentile	90th Percentile
1	31.91527810068173	33.0	33.0	33.0	33.0	33.0
2	32.05695673287157	33.0	33.0	33.0	33.0	33.0
3	32.10126880826654	33.0	33.0	33.0	33.0	33.0
4	32.12763824782555	33.0	33.0	33.0	33.0	33.0
5	32.185590815067016	33.0	33.0	33.0	33.0	33.0
6	35.75511341826871	37.0	37.0	37.0	33.0	37.0
7	35.77865358119897	37.0	37.0	37.0	33.0	37.0
8	35.78012232478709	37.0	37.0	37.0	33.0	37.0
9	35.79753003683246	37.0	37.0	37.0	33.0	37.0
10-14	35.80760037457952	37.0	37.0	37.0	33.0	37.0
15-19	35.8203437960047	37.0	37.0	37.0	33.0	37.0
20-24	35.86208294273449	37.0	37.0	37.0	33.0	37.0
25-29	35.884854925416775	37.0	37.0	37.0	33.0	37.0
30-34	35.9349257565071	37.0	37.0	37.0	36.2	37.0
35-39	35.96988339069124	37.0	37.0	37.0	37.0	37.0
40-44	35.983578806982564	37.0	37.0	37.0	37.0	37.0
45-49	35.99451709694416	37.0	37.0	37.0	37.0	37.0
50-54	36.00572617590198	37.0	37.0	37.0	37.0	37.0
55-59	36.01164920863488	37.0	37.0	37.0	37.0	37.0
60-64	36.00281557286093	37.0	37.0	37.0	37.0	37.0
65-69	35.98534141527549	37.0	37.0	37.0	37.0	37.0
70-74	35.95022092254052	37.0	37.0	37.0	33.0	37.0
75-79	35.90064053944326	37.0	37.0	37.0	33.0	37.0
80-84	35.860849214364606	37.0	37.0	37.0	33.0	37.0
85-89	35.797799187695276	37.0	37.0	37.0	33.0	37.0
90-94	35.722834797767426	37.0	37.0	37.0	33.0	37.0
95-99	35.61637392376623	37.0	37.0	37.0	33.0	37.0
100-104	35.52903146086897	37.0	37.0	37.0	33.0	37.0
105-109	35.430639092950486	37.0	37.0	37.0	33.0	37.0
110-114	35.287772822174546	37.0	37.0	37.0	33.0	37.0
115-119	35.12034084948199	37.0	37.0	37.0	33.0	37.0
120-124	35.187521276659524	37.0	37.0	37.0	33.0	37.0
125-126	34.90967050263082	37.0	35.0	37.0	30.0	37.0
>>END_MODULE
>>Per sequence quality scores	pass
#Quality	Count
18	20.0
19	401.0
20	3368.0
21	18738.0
22	80914.0
23	299041.0
24	656808.0
25	1065656.0
26	1534869.0
27	2085108.0
28	2736242.0
29	3507149.0
30	4440726.0
31	5635834.0
32	7283934.0
33	9891657.0
34	1.4777245E7
35	2.8397929E7
36	1.64445694E8
>>END_MODULE
>>Per base sequence content	warn
#Base	G	A	T	C
1	22.783756093547467	29.319228783391527	25.344702728312658	22.55231239474835
2	23.396253304608994	30.218196556481974	28.266479294087716	18.119070844821312
3	21.471819632960194	29.596556244122024	27.14965730340053	21.781966819517244
4	23.41272815003266	27.300255709445153	26.01589743016174	23.271118710360447
5	23.920356213141485	26.751559449259727	26.2424190695994	23.085665267999396
6	23.424804306897165	26.6432928797023	25.573166629421035	24.358736183979502
7	24.26486350541872	26.501896520703642	26.19333454359476	23.039905430282875
8	23.1011743499401	26.275975345012437	26.874817199201868	23.7480331058456
9	23.0902436594738	25.887793655843584	27.13843930386813	23.883523380814488
10-14	23.39716902439519	26.355620174803363	26.70977495897625	23.537435841825193
15-19	23.549566019631406	26.16438355709354	26.66218827229119	23.62386215098386
20-24	23.72990804733067	26.132559614140938	26.37601727944604	23.76151505908235
25-29	23.84436292691519	26.09735668936167	26.28031435257127	23.77796603115187
30-34	23.92208993773074	25.986672089000184	26.195040518211517	23.896197455057564
35-39	23.912354152180917	26.059205350812576	26.102803394708594	23.92563710229791
40-44	24.009696287993044	26.002201133053383	26.09122281369074	23.896879765262828
45-49	23.967907553112408	25.997170361595188	26.073393584588068	23.961528500704336
50-54	24.02565935248472	25.96432545109876	26.03928382007732	23.970731376339202
55-59	24.04156702227204	25.969797740050403	25.996544681237765	23.992090556439788
60-64	24.001390939724274	25.98882648478008	25.98212873843294	24.027653837062704
65-69	23.977003442510647	26.013638389597077	26.02523948907364	23.984118678818632
70-74	23.991032603499544	26.08144263170511	25.966367286532044	23.961157478263306
75-79	23.997019163884644	26.102815421545404	25.931526384250553	23.968639030319398
80-84	24.013448837190115	26.091446775895133	25.937965971715073	23.95713841519968
85-89	24.042576004675965	26.111613243296066	25.919216675072942	23.926594076955023
90-94	24.0533642556431	26.144205573495867	25.899589034454618	23.902841136406416
95-99	24.07177224028474	26.173165741185418	25.91195267767001	23.84310934085983
100-104	24.144963895626937	26.240309580578703	25.84189530976199	23.77283121403237
105-109	24.224203552805548	26.301593345397915	25.786499278717322	23.687703823079215
110-114	24.34545109435483	26.399043681647928	25.70881282462488	23.546692399372372
115-119	24.539870132800228	26.528049500842254	25.593771199640674	23.33830916671684
120-124	24.767871730173184	26.668059273561397	25.449886699290857	23.11418229697456
125-126	24.913153463967618	26.042305006155615	25.99594781680622	23.04859371307055
>>END_MODULE
>>Per base GC content	warn
#Base	%GC
1	45.336068488295815
2	41.515324149430306
3	43.25378645247744
4	46.68384686039311
5	47.00602148114088
6	47.78354049087667
7	47.304768935701595
8	46.849207455785695
9	46.97376704028829
10-14	46.93460486622038
15-19	47.17342817061527
20-24	47.49142310641302
25-29	47.62232895806706
30-34	47.8182873927883
35-39	47.83799125447882
40-44	47.906576053255876
45-49	47.929436053816744
50-54	47.996390728823926
55-59	48.033657578711825
60-64	48.029044776786975
65-69	47.96112212132928
70-74	47.95219008176285
75-79	47.96565819420404
80-84	47.9705872523898
85-89	47.96917008163099
90-94	47.95620539204952
95-99	47.91488158114457
100-104	47.91779510965931
105-109	47.91190737588476
110-114	47.8921434937272
115-119	47.878179299517065
120-124	47.882054027147746
125-126	47.96174717703817
>>END_MODULE
>>Per sequence GC content	pass
#GC Content	Count
0	27735.0
1	23538.0
2	17340.0
3	15220.0
4	15035.5
5	15304.0
6	15979.5
7	17414.0
8	20007.0
9	24109.0
10	29654.0
11	36327.0
12	45002.5
13	55955.0
14	69350.0
15	83297.0
16	97242.5
17	115526.5
18	138862.5
19	162277.0
20	188983.5
21	221360.0
22	270199.5
23	354695.5
24	481283.5
25	685770.5
26	801355.0
27	804625.5
28	863087.0
29	985758.0
30	1187834.0
31	1468857.5
32	1833726.5
33	2285433.0
34	2823390.5
35	3434635.0
36	4102132.0
37	4817189.5
38	5564719.0
39	6335351.5
40	7148109.5
41	7982869.5
42	8774660.5
43	9496756.5
44	1.0186876E7
45	1.07505265E7
46	1.1087574E7
47	1.12788545E7
48	1.13553415E7
49	1.1313442E7
50	1.1206032E7
51	1.10072775E7
52	1.0632447E7
53	1.01810595E7
54	9690296.5
55	9094183.5
56	8404659.0
57	7640081.5
58	6816001.5
59	5928289.5
60	5010950.5
61	4133978.0
62	3341667.0
63	2652362.0
64	2078157.0
65	1606485.5
66	1217587.0
67	906875.0
68	664933.5
69	480088.0
70	347809.0
71	251216.5
72	179894.0
73	129232.0
74	92384.0
75	65345.5
76	46464.5
77	33213.0
78	24182.5
79	18126.5
80	14020.0
81	11114.0
82	8774.0
83	6932.5
84	5702.5
85	4813.5
86	4112.5
87	3640.0
88	3191.0
89	2739.5
90	2408.0
91	2197.0
92	1901.0
93	1578.5
94	1432.0
95	1276.0
96	1043.0
97	901.0
98	806.5
99	685.5
100	701.5
>>END_MODULE
>>Per base N content	pass
#Base	N-Count
1	0.0
2	0.0036996478504796857
3	0.0017605025247109073
4	0.0017021701815083368
5	5.792725748588581E-5
6	7.291542900321291E-5
7	2.75458287345471E-5
8	0.00182531623938043
9	0.0011180365780492647
10-14	9.632128171324425E-4
15-19	3.381655562882341E-4
20-24	3.723547907764073E-4
25-29	6.478940952652151E-4
30-34	0.0012365023314643672
35-39	0.0018666697447231448
40-44	0.0013391987715405313
45-49	3.7475554586892813E-4
50-54	3.6462024815922815E-4
55-59	1.0939903270033326E-4
60-64	1.9378617696729323E-5
65-69	1.3969756939331067E-5
70-74	4.8638988384345035E-5
75-79	5.848213404158122E-5
80-84	4.166926040450493E-7
85-89	0.0
90-94	0.0
95-99	0.0
100-104	5.154897318980939E-4
105-109	4.304602714161999E-5
110-114	2.908749030930323E-4
115-119	0.0013205469642442172
120-124	0.001066234012637446
125-126	0.0
>>END_MODULE
>>Sequence Length Distribution	warn
#Length	Count
30-31	314178.0
32-33	302912.0
34-35	286205.0
36-37	284334.0
38-39	272127.0
40-41	292900.0
42-43	338643.0
44-45	273174.0
46-47	251952.0
48-49	247639.0
50-51	236309.0
52-53	236279.0
54-55	264720.0
56-57	234156.0
58-59	243051.0
60-61	251750.0
62-63	235847.0
64-65	230601.0
66-67	227808.0
68-69	229896.0
70-71	234647.0
72-73	242907.0
74-75	244052.0
76-77	242788.0
78-79	357093.0
80-81	310549.0
82-83	268131.0
84-85	262754.0
86-87	270703.0
88-89	274285.0
90-91	286703.0
92-93	291699.0
94-95	307051.0
96-97	313914.0
98-99	327907.0
100-101	348702.0
102-103	369823.0
104-105	402384.0
106-107	437890.0
108-109	490600.0
110-111	559092.0
112-113	650463.0
114-115	849146.0
116-117	1045388.0
118-119	1447036.0
120-121	2331565.0
122-123	4922617.0
124-125	3.7066726E7
126-127	1.86450237E8
>>END_MODULE
>>Sequence Duplication Levels	warn
#Total Duplicate Percentage	29.997616754217848
#Duplication Level	Relative count
1	100.0
2	13.27479448751321
3	3.8272489343140244
4	2.046968203193157
5	1.5164303598153048
6	1.173850442233082
7	0.9873110668208158
8	0.902907319010703
9	0.7752377845080113
10++	17.3502897389158
>>END_MODULE
>>Overrepresented sequences	pass
>>END_MODULE
>>Kmer Content	warn
#Sequence	Count	Obs/Exp Overall	Obs/Exp Max	Max Obs/Exp Position
TTTTT	107328715	3.0397384	3.789306	9
GATCG	38827835	1.417852	5.39719	120-122
ATCGG	38335245	1.3998644	5.075097	120-122
>>END_MODULE
